#RAD(Kpc) RAD(arcs)  VROT(km/s) DISP(km/s) INC(deg)  P.A.(deg) Z0(pc)    Z0(arcs)  SIG(E20)  XPOS(pix) YPOS(pix) VSYS(km/s) VRAD(km/s) E_VROT1   E_VROT2   E_DISP1   E_DISP2   
0.003     4.146      0.082      3.393      88.260    108.176   0.000     0.000     1.000     94.140    96.325    -14.855    0.000      -0.016    0.016     -1.698    2.267     
0.010     12.439     7.806      0.934      88.260    102.815   0.000     0.000     1.000     94.140    96.325    -14.855    0.000      -2.505    2.505     -2.882    2.882     
0.017     20.731     34.964     2.982      88.260    97.867    0.000     0.000     1.000     94.140    96.325    -14.855    0.000      -10.374   7.764     -2.249    2.249     
0.023     29.024     41.551     0.220      88.260    95.289    0.000     0.000     1.000     94.140    96.325    -14.855    0.000      -9.381    9.381     -2.627    2.627     
0.030     37.316     59.471     1.627      88.260    94.196    0.000     0.000     1.000     94.140    96.325    -14.855    0.000      -12.780   10.531    -2.312    2.312     
0.037     45.609     62.652     4.484      88.260    93.841    0.000     0.000     1.000     94.140    96.325    -14.855    0.000      -10.319   8.109     -2.739    1.837     
0.043     53.902     62.761     4.550      88.260    93.776    0.000     0.000     1.000     94.140    96.325    -14.855    0.000      -9.959    10.100    -1.998    1.998     
0.050     62.194     72.817     3.985      88.260    93.668    0.000     0.000     1.000     94.140    96.325    -14.855    0.000      -12.401   10.649    -2.979    2.361     
0.057     70.487     80.674     2.516      88.260    93.330    0.000     0.000     1.000     94.140    96.325    -14.855    0.000      -13.031   10.710    -2.954    2.954     
0.063     78.779     68.878     1.167      88.260    92.830    0.000     0.000     1.000     94.140    96.325    -14.855    0.000      -9.723    13.470    -2.414    2.414     
0.070     87.072     72.991     1.282      88.260    92.523    0.000     0.000     1.000     94.140    96.325    -14.855    0.000      -11.408   14.245    -2.641    2.641     
0.077     95.364     79.238     2.989      88.260    92.946    0.000     0.000     1.000     94.140    96.325    -14.855    0.000      -9.703    9.456     -2.259    2.259     
0.083     103.657    83.747     1.322      88.260    94.597    0.000     0.000     1.000     94.140    96.325    -14.855    0.000      -8.628    9.720     -2.046    2.046     
0.090     111.949    79.518     0.813      88.260    97.628    0.000     0.000     1.000     94.140    96.325    -14.855    0.000      -8.997    8.482     -1.430    1.430     
0.097     120.242    79.713     0.312      88.260    101.563   0.000     0.000     1.000     94.140    96.325    -14.855    0.000      -10.017   11.578    -1.068    1.068     
0.103     128.535    90.530     0.622      88.260    105.291   0.000     0.000     1.000     94.140    96.325    -14.855    0.000      -16.692   15.868    -1.291    1.291     
0.110     136.827    98.280     0.460      88.260    107.632   0.000     0.000     1.000     94.140    96.325    -14.855    0.000      -18.095   17.145    -1.080    1.080     
0.117     145.120    7.644      0.896      88.260    108.356   0.000     0.000     1.000     94.140    96.325    -14.855    0.000      -0.624    0.624     -1.247    1.247     
0.123     153.412    113.110    0.248      88.260    108.437   0.000     0.000     1.000     94.140    96.325    -14.855    0.000      -20.785   17.490    -1.380    1.380     
