#RAD(Kpc) RAD(arcs)  VROT(km/s) DISP(km/s) INC(deg)  P.A.(deg) Z0(pc)    Z0(arcs)  SIG(E20)  XPOS(pix) YPOS(pix) VSYS(km/s) VRAD(km/s) E_VROT1   E_VROT2   E_DISP1   E_DISP2   E_INC1    E_INC2    E_PA1     E_PA2     E_VSYS1   E_VSYS2   
0.003     4.146      0.067      8.344      84.373    108.176   0.000     0.000     1.000     94.140    96.325    -22.089    0.000      -0.009    0.014     -4.688    3.909     -1.896    1.449     -23.739   23.739    -6.370    5.379     
0.010     12.439     2.592      8.097      86.814    105.791   0.000     0.000     1.000     94.140    96.325    -24.026    0.000      -4.162    3.338     -0.994    1.238     -1.233    1.025     -3.469    2.781     -15.117   11.643    
0.017     20.731     65.130     3.833      88.380    90.052    0.000     0.000     1.000     94.140    96.325    -37.740    0.000      -4.324    5.587     -0.925    1.239     -20.729   24.437    -17.274   20.364    -81.124   94.993    
0.023     29.024     88.855     7.868      88.336    94.208    0.000     0.000     1.000     94.140    96.325    -10.169    0.000      -7.261    9.632     -0.966    1.191     -8.873    8.239     -1.249    1.090     -34.889   29.281    
0.030     37.316     38.692     2.096      88.385    96.218    0.000     0.000     1.000     94.140    96.325    -19.510    0.000      -6.294    4.806     -3.157    3.157     -4.251    4.082     -5.268    4.589     -6.533    7.858     
0.037     45.609     73.038     3.008      88.260    89.943    0.000     0.000     1.000     94.140    96.325    -10.527    0.000      -6.668    8.498     -1.690    2.113     -5.343    4.444     -2.270    2.320     -16.087   9.288     
0.043     53.902     64.223     5.859      88.327    94.030    0.000     0.000     1.000     94.140    96.325    -15.967    0.000      -10.293   8.413     -2.699    1.640     -4.879    4.505     -5.560    5.133     -5.843    7.340     
0.050     62.194     72.498     6.097      88.093    95.352    0.000     0.000     1.000     94.140    96.325    -9.710     0.000      -11.294   8.821     -0.848    1.049     -5.515    4.378     -6.310    4.720     -9.122    7.302     
0.057     70.487     75.664     2.970      87.495    96.169    0.000     0.000     1.000     94.140    96.325    -11.179    0.000      -12.381   13.015    -2.694    2.694     -0.702    0.531     -4.090    3.284     -7.383    5.939     
0.063     78.779     81.734     3.926      88.377    92.626    0.000     0.000     1.000     94.140    96.325    -8.310     0.000      -14.311   9.694     -2.433    2.433     -6.533    4.568     -3.330    2.529     -12.590   8.185     
0.070     87.072     104.427    5.082      87.722    90.174    0.000     0.000     1.000     94.140    96.325    -19.830    0.000      -4.348    5.791     -1.296    1.626     -4.001    4.985     -0.390    0.445     -13.972   17.065    
0.077     95.364     82.570     4.043      88.371    90.074    0.000     0.000     1.000     94.140    96.325    -14.498    0.000      -12.918   9.737     -0.901    1.173     -5.689    5.285     -4.741    4.404     -9.883    11.112    
0.083     103.657    78.093     2.305      88.160    89.742    0.000     0.000     1.000     94.140    96.325    -3.851     0.000      -11.513   13.944    -3.091    3.091     -4.206    4.906     -3.505    4.088     -2.921    3.407     
0.090     111.949    77.174     4.420      88.326    89.649    0.000     0.000     1.000     94.140    96.325    -14.855    0.000      -9.522    13.459    -1.052    1.338     -4.976    6.012     -1.536    1.678     -12.770   13.585    
0.097     120.242    93.672     3.069      88.181    108.428   0.000     0.000     1.000     94.140    96.325    -11.267    0.000      -21.578   21.578    -0.697    0.912     -0.048    0.044     -6.738    6.340     -11.367   9.167     
0.103     128.535    73.655     1.578      87.153    108.481   0.000     0.000     1.000     94.140    96.325    -7.565     0.000      -16.078   16.078    -0.782    0.965     -0.368    0.309     -7.089    7.473     -18.218   20.014    
0.110     136.827    34.986     0.841      88.384    108.452   0.000     0.000     1.000     94.140    96.325    -24.581    0.000      -7.290    7.290     -2.154    2.154     -7.856    7.171     -6.547    5.976     -23.289   20.435    
0.117     145.120    5.769      0.934      87.740    108.330   0.000     0.000     1.000     94.140    96.325    -29.562    0.000      -22.664   34.620    -1.387    1.387     -0.263    0.243     -18.887   28.850    -92.783   142.618   
0.123     153.412    50.931     1.517      88.340    108.437   0.000     0.000     1.000     94.140    96.325    -16.804    0.000      -9.815    6.105     -2.183    2.183     -9.272    7.532     -7.726    6.277     -26.634   23.095    
