#============================================== Initial parameters ============================================= 
#RAD(arcs) VROT(km/s) DISP(km/s) INC(deg)   P.A.(deg)  Z0(arcs)   SIG(E20)   XPOS(pix)  YPOS(pix)  VSYS(km/s) 
4.146      90.168     8.000      83.385     93.481     0.000      1.000      94.140     96.325     -11.593    
12.439     90.168     8.000      83.385     93.481     0.000      1.000      94.140     96.325     -11.593    
20.731     90.168     8.000      83.385     93.481     0.000      1.000      94.140     96.325     -11.593    
29.024     90.168     8.000      83.385     93.481     0.000      1.000      94.140     96.325     -11.593    
37.316     90.168     8.000      83.385     93.481     0.000      1.000      94.140     96.325     -11.593    
45.609     90.168     8.000      83.385     93.481     0.000      1.000      94.140     96.325     -11.593    
53.902     90.168     8.000      83.385     93.481     0.000      1.000      94.140     96.325     -11.593    
62.194     90.168     8.000      83.385     93.481     0.000      1.000      94.140     96.325     -11.593    
70.487     90.168     8.000      83.385     93.481     0.000      1.000      94.140     96.325     -11.593    
78.779     90.168     8.000      83.385     93.481     0.000      1.000      94.140     96.325     -11.593    
87.072     90.168     8.000      83.385     93.481     0.000      1.000      94.140     96.325     -11.593    
95.364     90.168     8.000      83.385     93.481     0.000      1.000      94.140     96.325     -11.593    
103.657    90.168     8.000      83.385     93.481     0.000      1.000      94.140     96.325     -11.593    
111.949    90.168     8.000      83.385     93.481     0.000      1.000      94.140     96.325     -11.593    
120.242    90.168     8.000      83.385     93.481     0.000      1.000      94.140     96.325     -11.593    
128.535    90.168     8.000      83.385     93.481     0.000      1.000      94.140     96.325     -11.593    
136.827    90.168     8.000      83.385     93.481     0.000      1.000      94.140     96.325     -11.593    
145.120    90.168     8.000      83.385     93.481     0.000      1.000      94.140     96.325     -11.593    
153.412    90.168     8.000      83.385     93.481     0.000      1.000      94.140     96.325     -11.593    
