-198.7 130620
-196.1 130620
-193.5 130620
-190.9 130620
-188.3 130620
-185.7 130620
-183.1 130620
-180.5 130620
-177.9 130620
-175.3 130620
-172.7 130620
-170.1 130620
-167.5 130620
-164.9 130620
-162.3 130620
-159.7 130620
-157.1 130620
-154.5 130620
-151.9 130620
-149.3 130620
-146.7 130620
-144.1 130620
-141.5 130620
-138.9 130620
-136.3 130620
-133.7 130620
-131.1 130620
-128.5 130620
-125.9 130620
-123.3 130620
-120.7 130620
-118.1 130620
-115.5 130620
-112.9 130620
-110.3 130620
-107.7 130620
-105.1 130620
-102.5 130620
-99.9 130620
-97.3 130620
-94.7 130620
-92.1 130620
-89.5 130620
-86.9 130620
-84.3 130620
-81.7 130620
-79.1 130620
-76.5 130620
-73.9 130620
-71.3 130620
-68.7 130620
-66.1 130620
-63.5 130620
-60.9 130620
-58.3 130620
-55.7 130620
-53.1 130620
-50.5 130620
-47.9 130620
-45.3 130620
-42.7 130620
-40.1 130620
-37.5 130620
-34.9 130620
-32.3 130620
-29.7 130620
-27.1 130620
-24.5 130620
-21.9 130620
-19.3 130620
-16.7 130620
-14.1 130620
-11.5 130620
-8.9 130620
-6.3 130620
-3.7 130620
-1.1 130620
1.5 130620
4.1 130620
6.7 130620
9.3 130620
11.9 130620
14.5 130620
17.1 130620
19.7 130620
22.3 130620
24.9 130620
27.5 130620
30.1 130620
32.7 130620
35.3 130620
37.9 130620
40.5 130620
43.1 130620
45.7 130620
48.3 130620
50.9 130620
53.5 130620
56.1 130620
58.7 130620
61.3 130620
63.9 130620
66.5 130620
69.1 130620
71.7 130620
74.3 130620
76.9 130620
79.5 130620
82.1 130620
84.7 130620
87.3 130620
89.9 130620
92.5 130620
95.1 130620
97.7 130620
100.3 130620
102.9 130620
105.5 130620
108.1 130620
110.7 130620
113.3 130620
115.9 130620
118.5 130620
121.1 130620
123.7 130620
126.3 130620
128.9 130620
131.5 130620
134.1 130620
136.7 130620
139.3 130620
141.9 130620
144.5 130620
147.1 130620
149.7 130620
152.3 130620
154.9 130620
157.5 130620
160.1 130620
162.7 130620
165.3 130620
167.9 130620
170.5 130620
173.1 130620
175.7 130620
178.3 130620
180.9 130620
183.5 130620
186.1 130620
188.7 130620
191.3 130620
193.9 130620
196.5 130620
199.1 130620
